0.2812677858240864	0.07793579150115892
1.0238371000956796	0.09107591011438876
0.05784928099740716	-0.4882760516429845
-0.11723628612174242	-0.2130830051935293
0.5803270851057274	-0.21925891252629626
-0.56097450892754	1.0927682222822357
-0.984968743789878	1.1810350630780522
-1.1440103670009902	1.8418266397227199
-1.5354654187277403	0.6205500977804927
1.3299644102522374	1.9811301652285924
1.6765602358808174	1.1510382635803782
-1.1538001067474681	1.4434448272228155
-0.4548717119120105	0.2144923896692501
-0.2491086668371274	-1.8572168950918777
-0.10350318039617656	1.1591224943498157
1.7907758439762067	0.14988075361915554
-0.9499507588010276	1.908895310147832
-1.4729618262434858	0.6344545208301264
-0.17433741494957555	-1.612653434094622
-0.4161903649513099	1.934109393256322
0.8705354231846245	0.44749324759783216
-0.03120702621838456	0.8975582588692581
-1.0196866889464253	1.3554376881640549
-1.8544249128717825	-0.22788427189635518
1.8920237746816757	-1.784791936289312
0.08571720261522175	0.22668647329054004
-1.0117972306846381	0.28064395651614626
1.592646918134537	1.5084817932883472
-1.096202405840475	-0.45445207585967395
-1.924230255387449	1.8690586746000508
0.11063920956889639	-1.637543907444233
0.60794170200943	0.6778538515498083
0.8287522481612353	-0.8668646720368973
1.817367634890255	0.9036943662542192
0.2832055711893666	-0.3042363577981946
0.34466648980705017	1.0401526686506877
0.24807187333667224	1.7641725659447909
-0.5709399577995833	1.7353228917973227
0.11026944407329298	-1.340650611974799
1.2760788976048127	-1.8160610459758892
-1.0741800602012388	-0.921838228516811
-1.6255283974491253	-0.12429941561171765
0.4445863464865796	0.38730573530339285
-0.007946379369677015	-1.8995906787805112
-0.8881684232074867	-0.7765878318606063
-0.7695706784270353	0.8505226804882504
-1.5301135295111643	0.06614694019916234
-0.01032671663858542	-1.2015765885859628
-0.8451408847232722	1.9506717578254653
-0.31331981098531125	1.2119365465368506
1.3992260275425328	0.11891948071836955
0.6178688381978348	-0.09702377499858095
-0.6261570895126614	-0.6561648278432988
-1.3770564244461152	0.42849845755845317
0.10563697335604161	-1.2202812920021984
-0.6717579627127113	1.7337239747347635
0.4863174500639458	-1.3821066696855078
0.5579414405731113	-1.5412928599308056
-1.4032685763177377	-0.6223229028279742
-0.6381036567021052	1.6941921172535905
-0.8571035156641678	-0.8085704815503152
1.054949632830163	0.48245721654105544
-0.7926717410508393	1.9649618121916528
0.15282030344804243	1.3617216721835148
1.3300703659793927	0.8248512659816467
-0.23144236359976134	0.1959346391660146
0.908723011281531	0.658502139302902
0.05828548516716969	-1.7445897008418711
-1.217257854370652	0.6767912986928835
-0.3688009937070733	0.3347209929665613
1.807860156432537	-0.9969747955601922
-0.5908368194905989	-1.7346671687057067
1.393494800378833	-0.08325346320889215
1.9221138439726078	1.0650731199295795
-1.1963733356184072	-0.8835101448221012
-1.2957872683176737	-0.6385018039587771
-1.1403620158406902	0.2508732089339172
-1.265419334168548	-1.1407072083843883
-1.8817086193910666	1.056060970011126
-1.4445956401469506	-1.274912179650895
-0.41120177956818127	1.473108880033064
-1.375527128431529	-1.0455160387248283
0.5061299210838239	0.18342639290905938
-1.7253203136839228	1.7121266165269344
1.248187218410763	-1.9691569048089064
0.4635811285423266	-1.863479149809474
0.3893611276535687	1.1873407171135155
0.3950732791624447	-0.40757584750839815
1.1069175512579568	-0.21259358048356658
-0.323805810279846	0.8663512179499557
-1.7147273687263271	-1.7412802575144561
-1.393827059959376	0.5642376198838575
0.4108084278274813	-1.5422087165125054
0.06416073611849393	-1.4923616360431988
1.6778957076661305	1.231256922133197
0.3474229123348902	1.0066723276301124
-1.112367791842956	-0.4195593564093607
-1.2682642072404753	-1.605160351263279
1.164617232632716	-0.7683883585784783
1.79308771855094	-0.9777841849603903
-1.6628727719618	1.278882959514021
1.803776338980975	-0.5346624820406314
-1.9429450261072438	0.3269400547011325
1.6018677147845959	-0.11144940172739215
-1.3782415563397548	0.0879495830870467
1.1860128843951765	-0.10595123141111928
-1.4819404616404328	1.9027313867534836
1.6502743360600176	-1.5344297485542833
-0.26988861245587703	1.8640969566456929
-1.1033211999851051	-1.0154358074819667
-1.7605518254022576	1.1738876522634123
-1.6821500402471625	1.0652555706705185
-0.25037453511535057	-1.9236473317128664
0.11783802840067548	1.2020907250677833
-0.7382762122910052	0.8830717799680974
-0.5723304506096323	0.0707785618475043
-1.7015599159340886	0.28514703364097027
-1.6373004222766006	1.2418564744846003
1.0545196868899676	-1.8606054464037518
1.7389703842509077	-1.7125179606742065
-1.694938327910927	1.0787817900466106
0.14517649535367694	-0.5347235796162129
0.8783163155073606	-1.3932039451342275
1.5891894573301562	-0.7863124523922291
1.6253578531097217	-0.8312389010462158
0.8675235584224517	-1.9424451003388277
0.24538760992433684	1.5756061313795051
-0.43774877614723007	-0.43458857274753937
-1.2942429434627485	-0.9198243780600817
0.03131677007073819	-0.29793059200928784
-1.1403552993102668	-1.221209527576292
-1.6974531701355473	0.9741205862684907
-1.408605726632501	-0.014008480000370582
0.5170783237624339	1.4145067483104428
-1.492008594828039	0.7250541047333434
-1.7056227120015817	-0.6704214146374348
1.8996950582814915	1.4452968269245643
-0.6111737169501268	-1.5805298730638269
-1.3022145116322505	1.5034796886438966
-0.8431966906028125	0.8246323493921901
0.78952659688112	0.4917592725869344
-1.2491678215959858	-1.3957338806910715
-0.06300927231035303	-1.4791877296642264
1.8430796346669513	-0.17200519466617337
-0.22660266360232706	1.6636046515658882
-0.6822138544004752	1.508584419179544
-0.9038595784084635	-0.2528186848003928
1.9949242315496312	0.45291023967807575
-1.0843060543619014	-1.7906913956379213
-0.9436971783928803	0.3876496644802927
-0.942156611403778	-1.351096010790453
-1.6512572151287972	1.6120525398766636
0.6372922783311452	-1.7807398944256239
0.07850563246396813	0.9732677585915583
-1.6348412995984778	1.427742136987367
0.596337741714855	0.5213655053552304
1.2512077488618614	1.13719403646571
1.2332434256583604	1.0427344855744707
1.703773029065645	1.565647908613332
-0.9499764632457186	-0.4747933498272592
0.1320976686627886	-1.3382673554378361
-1.3900264413180259	-0.08092363469986008
1.3962681656234701	1.535959296999398
1.2055211304181794	1.2648516739324696
0.7900078144510831	1.900491556206802
0.049276238767264946	0.753851668367949
-1.2542533748917042	0.5813801033454378
-0.6628037531553557	-0.4660676128171173
-1.8175047532560789	-1.5549752118580296
-1.2819749685737292	-1.6131857463686563
1.778870025398322	-0.37735191759338704
0.06742939663061831	0.6637622217538821
1.4539019219753966	1.6422592212314924
-1.7410041408617052	1.920359435153046
1.160280609508447	-0.5849562845428617
-0.6187941814929094	0.11913456256182897
0.6745261604254345	-1.2407129010457392
-1.9403517334422768	-1.1069546720849268
-0.8664619960376161	-1.1317606673597873
-0.2108443055018836	-1.79590748609282
-1.96285988618108	-1.6464806131310494
1.986597037149334	-1.2290548989356607
0.5764569978123886	1.6512753819012542
-0.6431672466049418	-1.8375366617954874
0.9040117792661104	0.46101479448699534
-1.4507532656564548	0.2586710022323695
0.3981687463030177	-1.3904658334823985
0.6306193128076303	-1.2490086963846059
-1.7743329494453337	-1.091938488299633
-0.8222292473845814	-1.2568135717606888
0.8287633633937701	-1.9887473564389446
-1.2711694027896225	1.046144014626619
1.1337352105944034	1.5291122239885029
0.06791309520874167	1.090809518763284
1.0229053888071657	0.6158250656154269
-0.5175397067893939	0.007276777224277886
0.44073624230405306	-0.6568965076899493
-0.6067414151437167	-1.125743447078594
0.3094320802524968	-0.8698315608186058
-0.30245309759288386	0.4673218255270464
-0.5246125904262584	1.7056732958214358
1.537732074586728	-0.46141348008749494
1.7606083872596425	-0.2461464830935136
-0.44609935319401783	1.569587634560508
1.5032438712913962	-1.0296161866696725
0.07966293896688459	0.6124952920894078
-1.1676213298664617	0.26402797863875715
-1.7223072508307808	0.5266758217062728
-0.8089034785672635	-1.351258499326275
-0.5823009796378069	-1.4031423570119226
-0.45202234208581205	1.82717069492919
-0.2402605044909487	-1.3842553743790447
0.5974881654858804	-0.7704151864529694
-1.878354124795575	-0.1185401933555581
-1.493256126572255	1.7194112023536219
1.3788923776887163	1.326596765476833
-0.8337726486384165	-1.677345648597635
-1.3457111211358908	-1.5650885287348881
-0.0024182334201352518	-1.892529755082824
0.6678077442983157	0.07723096726779444
0.03276085809333029	-0.7820593701824814
0.8871756028859608	-1.6837091419088144
-0.09499761105118454	-1.881684257882494
-0.5367148676741444	-0.3592029782491504
-0.7875682347386719	0.06382736646092457
-1.7981169050393553	-1.1945946731747
-0.5888159400680912	1.9926339568619311
1.2047565917136223	1.8041223149796943
1.069327051089794	-1.075090090193512
1.5975828588241634	1.061877438982283
1.7967683363161657	0.06144203468756526
-0.6656107519462822	0.874485528715216
1.53296168896299	-0.44556169258959644
0.6325523218741638	1.8678005120545813
1.6328716077864205	0.03764126751374253
-1.1996937462751562	1.294083001703414
1.3778373187660837	-0.3328793931932208
0.6164050835959234	-1.3626239759094814
-0.9676586401502849	-0.2863944037651285
0.05654122210165147	0.9321017141560373
-1.6657235222706168	-0.7872457062960656
-1.186495876020869	-0.5647754371255762
-1.5663841569053503	-1.5635921074178722
0.7724803269112117	1.2175279564795787
1.0764977968983076	0.25645203608046563
1.2658037358824359	-0.6820502471699057
1.83851673052295	0.5407699703786153
1.3499012931325622	0.3235788359626097
0.9378808092438295	1.3208968896808977
0.06097193374134369	-0.41873727273062844
-1.2177154172294018	-0.36434583603584825
-1.8217386098697674	-0.5582803605669815
1.5197979487899467	1.3175619258017406
-1.7025122281367517	-1.393331868612023
0.16637253111627004	1.5713244928418484
-1.256453203649957	0.3323877181293349
-0.8911863065175112	1.9036997502525965
0.5589244252614178	-1.1084259030663466
-0.44872808723108903	1.308536552745314
-0.3908354953658395	-1.3525178961679165
-0.4498292421800949	0.03781056808341621
-0.738903195475348	0.19074447862008936
0.15118730457533758	1.0118949335030272
0.2765156964809665	-1.3709410955000103
-0.16650459193966993	1.6871980527198058
1.4125748272951273	1.283741266375586
-0.6392749928887431	0.8812945788095479
-1.8445100626505457	-1.101351421892811
-0.9988802965138697	0.07433949265658235
-1.7026836525855873	-0.47344972647739736
1.9607008833997912	0.5340149817670188
1.6321333823436026	1.5753496202455448
0.273652999804856	1.5012177179255373
1.6044419593403796	0.09098481838173766
0.37398349473424153	0.10925762214069357
-0.10990302800820206	-0.6485417813428631
-1.812831664058311	-1.9239417658788307
-1.4452047271295942	-1.7340050398783173
-0.9088894639821836	-1.225948081602406
-1.4572889470184447	-0.4300325614237219
-1.2247816988983007	1.2728719614548756
-1.0458285682092425	-1.0808716831269773
-0.5877109639553564	1.8246181031895357
-0.933552422803873	-1.1030072194543852
1.892972419993297	0.7577848692091704
-1.9219840805383543	0.48618587179504313
-0.536863417642794	0.4775283641985215
-1.9128552053133072	1.5473895836149358
-0.8784496883677231	0.5635802176596352
0.2494045990484839	0.47049635128324097
1.5998561471434796	1.7384443847335946
-0.8143887576302351	1.633778620044871
1.7977844550937871	-1.102083119414294
-0.8071030685551861	0.6669874821205664
0.3473216756998472	1.3330328652015533
1.752238974012755	0.7518164569916475
1.6531197788885055	-1.6543842489337037
0.1677264647582808	1.316859820136877
-0.5349996561439685	-0.28139345627351364
-1.5231774002491774	-1.5461015609619517
-0.8122981743524722	0.7898510421582006
-1.7632104064697751	0.7841070011118809
-0.5983594303512807	1.0062403981103496
-1.7971896955913667	-1.0681035431563655
0.89341355088979	-1.5428506882802004
1.227889367147855	-0.6141088778553829
0.9071642048837472	-0.007286761579604839
1.0651970970693512	0.5007008932251331
-1.6238031478360972	-0.46429336055370163
-0.8309037758484141	1.7323714036083429
0.5556514906608903	1.4363382613809255
1.4409797029094231	0.689025444690635
-1.3641030065070083	0.9655005312003917
-0.872406582497502	0.006846279858889304
1.1851516275377123	-1.9499047354090218
1.0475001194002087	1.148990621351543
1.7122343829710718	-1.8062306627628795
-0.6894946553457273	1.6410516374829287
0.28593419572302103	1.6692572504002992
-1.0645478017125467	0.1639977719646346
-0.7404697777673683	0.44135229290267697
-0.6773918231615115	-1.2903279095985556
0.9143943060607405	0.19564154427066205
-1.1922954940154797	0.7815170593005805
-0.26533883624590393	0.16009564691717904
1.3844107378094757	1.6690621731168145
1.682825991783964	1.5818921929165288
1.298113641629131	0.12192211360081462
-1.871174222676078	1.6332323977636962
0.34732068508622804	-1.6866236026927544
1.926814199754448	1.4754743790532503
1.9516294521202577	1.8613072899735967
-0.44495377973885164	-1.5506685140630299
0.7637870928849528	0.9445664508489169
1.6774208710483585	1.8238623652005197
-1.0048025753428296	-1.4523086539464831
1.9595640343838823	1.624943393432218
1.0717922329227072	-1.5306214346258806
1.9771243916466679	1.9658488591890348
-1.0755816017036772	0.9597508122087808
-0.16951514023933	0.7955566169432768
1.2361053653102028	-0.27772160651007205
-1.7218647973249794	1.4901394712540457
-0.30565954128561845	-0.9021786809586207
0.9270930329814924	0.9793517212497518
1.8128867410730511	-1.839798956181268
1.3782353867469088	0.2380162352426316
-0.34777468407917445	-0.38145258673904703
0.6166931359774983	1.292159914984949
-1.3861011764260742	1.3471855642823134
0.4480497272310293	-1.1842345435161183
-1.2039541794895459	1.8979336000130274
0.4402734058930573	-1.6067068877915553
1.570892618076556	0.6418560653488128
0.5822516136445479	-0.7011521698619503
-0.5059115265284526	-1.234721826157922
1.7650387635771039	0.5230173997048211
1.153735800994824	-0.5706417322313944
-1.3739061316006391	-1.9845167076448078
-1.4287231489257306	0.018494428085953807
-0.946579764187423	0.5271685263208723
0.012741496663978946	-1.4846415662521366
-0.010091376809608477	-0.9265703528683846
-0.8210958312316503	0.2489537971205631
1.2534578226006428	1.8540860947003273
-1.5488225417465737	-1.853926084550205
1.5790768764171625	0.7540152763772339
0.24330671259406556	-1.296823422682161
1.7339113253603817	0.37965119663201063
-1.4409845706232267	-0.28345057118357797
-0.7994444356055519	1.4330676428940836
-1.8839570864061894	-1.5827140082853668
-1.5756431140641762	1.0091226096114743
1.4895828763188992	0.9071023908970544
-0.6721802734777329	-1.361008162985915
-0.28208345995835504	0.2426578205058556
1.2870744448344826	-1.7397239371219584
-1.5206731719998472	0.16910797871414385
0.3909749622690475	1.003453106870821
1.8502741503819644	0.5314130547601779
1.5024642644536956	1.4673514455806504
-1.9402693129263802	-0.5416487610407916
-0.6638255830185686	-1.3171514559597899
0.6977744926536662	-1.6062069889171866
-0.7865398495255906	-1.3514352615173073
-0.5912490561854775	-1.077355016798966
-1.2313433649987	-1.8241442264292562
0.6435294643009613	-1.7844617517234518
-0.33757325901783863	-1.1126664634867374
1.9525187997129319	0.5009093309241393
-0.2034559576424555	-1.2613728664185682
-0.8630230891161084	1.937229295702544
0.13825924427625225	1.468745423672905
0.926907022485683	1.6016004378067885
-1.3491292346440007	-0.6580358042081706
1.063539365178626	-1.0172192536238334
-0.06528319882774225	-1.4449649645815579
0.43411267991901825	-0.7467301328799949
-1.8512601845242962	-0.7372878007396904
-0.9611315683145576	0.7021074374513354
1.6614016776337892	-1.1946933712071837
0.5562995762735383	0.6476397521159294
0.818054375438888	-1.2752554571638983
0.06637870002476953	-0.51438515033986
0.864971465922955	0.0011584796159254118
1.1379096814031913	-1.761708411442747
0.46395310833798	1.0449271479807454
0.32387921691514654	1.4895418234483788
-0.5672763998273438	-0.7093363985102679
1.5597438752169737	1.2769616609409562
1.3394393062375456	-0.47482299206299317
1.0183282299706509	0.9322485038563513
1.5099512266560233	1.9931792424587127
-0.14149671313363	-1.9456401626919417
0.3735995553439504	-1.008157926734651
-1.0525211018476948	-1.546778902117382
1.5105651180652422	1.6420466576039243
-1.5418725621133529	1.772451626135009
-0.10838423997433866	0.3991049691900983
-0.3037085369612851	0.08857308939006314
-0.4605496737026207	-0.7920785315378889
0.6817619041413585	1.202694491117799
-1.2779731277354092	0.8326700856972504
0.19100348104718412	0.5713459162635677
-1.3795033173384104	0.7860082632980974
-0.31510894075890716	-0.31724173860352733
-0.7894005057751312	0.7074069373962515
0.06034040564372711	1.7402140186371078
-1.6997573577016944	0.39184161454158817
-1.4692366053137373	-0.47254654225408466
0.8574021493755359	-1.4019001580855477
0.5562986391026317	1.4717246004701665
0.7088923201619144	-0.4919409515779565
1.8997147113963457	-1.4347442604039742
-0.653258919127413	-0.6392757022280744
0.2869827217814733	1.9018718991033259
0.16626146193798164	1.000821203050334
-0.7067719946911701	-0.11456792108567138
0.8854653913313735	-1.2430024398724013
0.903265425192799	0.8729056137525775
-1.5389713463427062	-0.9849110477070333
-1.3688481915638038	0.30977548115338616
-1.3711138957766709	1.7553487478745713
0.9321176709181129	1.6953706704164042
1.004586231033398	0.49573426447690316
-1.707375530305352	1.2549274862922584
1.7165032932521394	0.9837641679921374
-0.10938597488726742	-1.0210718040604516
-1.847614777820628	0.3843553002963187
-1.8596032481636011	-0.8766362554867184
-0.1711441063392778	-1.3490097580139775
1.958395527202038	0.7023318319935989
-0.0022908539656114613	1.3822000435957977
-1.5768506709458432	0.3161099532423002
-1.2054922774404853	-0.034705750926805834
-1.6604230626332583	1.5858051547683978
0.49236521435536496	-1.1598101818256752
0.5367837392877828	-1.2919458810468138
-1.239519927794396	-1.5797090433079135
0.1491547888493301	0.27079735924710446
-0.8675795819083874	-1.130020117964106
0.1643036042187842	0.7251497400589519
0.18652826300618042	1.7480358903326243
1.1102096062790943	1.7023683900974351
0.35271576028850626	1.437973417662045
-0.18433489830470284	-0.7846295200239775
-0.6053199903932871	-1.8663382444330052
-0.5736677041360307	-1.4762212553671255
-0.46274192094454003	0.34019599352337515
-1.660688123793403	-0.1847143642936846
-0.18493280285067293	1.5078856775347411
0.9905907024236824	1.6136347251936938
-1.4294867013608425	-0.3708543453776185
-1.224824813556702	-1.2519706625819227
-1.5319931577553243	-1.052277227172909
-1.176656593555621	-0.9630923456039082
-0.8301716690474357	-1.4235548690413622
1.1615013553716378	-0.7626639985005905
1.4923858650021766	-0.9635235351311588
-0.007176163556134707	0.7066420686203605
1.6176613871093783	-1.0935728876641035
1.1701275950945855	-0.321760287148948
0.20452858759882542	0.533690675520476
0.8741069737519442	-1.6477334121933538
0.3471560575055652	1.4275831711452778
-0.0016777630994639914	-1.7789199697506821
-0.24440870927570124	0.5219259248914563
1.3748955366527609	1.1776320930499713
0.43659974155019254	-0.6963791503085006
-1.6423819049802248	1.127429537237266
-1.1684388411266804	-0.035422495167429346
-1.2023069718591626	1.5075758648033806
0.8410064363007872	0.3546285699688547
-1.5289399504094918	0.8608395966421507
-0.41931780020869924	-0.022727863299161655
-1.0532369377480348	0.9258618010900772
0.8676691037974376	-1.4237002629604079
0.008029924265470001	0.9551772425838596
0.3230912020079355	0.3342769604269873
-0.630287235698463	0.9966932156095489
1.9764058022617403	0.3895374618633993
-0.72435726458564	0.6235102253148557
1.4163600768802573	-0.18570225638737758
1.9451088652086312	-1.2730249271149936
-0.5691331237835522	-0.05236675565622795
-1.4896041942681504	-1.1461761548792784
0.6934224056083931	-0.7917797059531617
-0.962281018159413	0.01745519519246974
-0.7698522515202959	-1.20602846088669
-1.8762328078185946	-1.4076320218411262
-1.1787535576208898	-0.6422558800270695
0.1507281427816265	-1.1582168927271566
1.745669889465824	-1.885939952980919
-0.25987715876708295	1.5659840502669717
-0.4199738362059606	-0.49982558767257235
0.6993509220128082	0.6261798437869044
0.3903594483975654	1.071462168135227
0.040429889673993635	1.4444467538063144
-1.2767406743701417	-0.5314768283953497
1.104407828223636	-1.0924274334723423
-0.6104858492669085	0.524862527319879
0.8853926699582644	0.0009959439756785926
-0.8344320672876857	-0.38603205117496886
-1.2969475930468404	-0.28527959479507103
-1.0055300992850715	-0.8975131823226268
-0.5554722251738191	0.4443247096435159
-0.548174849852455	0.669981978684353
-0.8135680229167725	1.4529584610431932
-0.5848540198647321	-0.04360371332988722
1.6572183717255724	0.1996685865097021
0.6791625125565246	-1.934115239271537
1.0847331786072636	1.6793059901562963
-1.9805829007030278	-0.9884128071500453
1.8089427033037664	-1.5814863879908105
0.3793284082787789	1.7752784824848673
-1.024634159930697	0.26459008267656214
-0.0356775164999279	0.12187712070421464
0.3439648551101224	-1.3180528622486816
-0.14678554951234846	1.8243448461300589
1.7766460393239227	0.6235278710802463
1.695038064583481	0.3398885950169497
0.315220241634798	0.8342749451652844
0.7566387844337812	-0.9531556032077657
-0.5833329674588223	-1.7277349442125791
-0.0048847072346012155	0.9074317227948869
-0.9066098875731847	1.2733068563380674
0.9388638782535819	1.6185447550322016
1.068746166755012	1.7151277203685509
0.06684139360582719	1.287899887705278
1.8566719888124181	1.2387785147177062
-1.1190969248852434	-1.8858557499886137
0.4584609859023052	1.412386891202571
1.8237904966186624	-0.07422350602303451
1.4574478221752312	0.45532909579888026
-1.106584364005192	-0.913445967386004
0.9650265032887968	0.42911020708253744
-0.817465235585976	1.0621875098877598
0.479353540454865	1.0507027469467078
-0.08521880126779235	0.4671048893675165
1.9026083644322127	0.4497671468813378
-1.8185193641242683	0.6776597350604274
1.5493154535815736	-1.2717129927529247
0.17971729946064618	-0.5105656039858166
1.2991519218120833	1.6454179818255499
-0.11449327299364942	0.685140708536224
0.9868754822164809	-0.10447491922544172
1.5680152893582133	0.3392807766579633
0.7078914135436949	0.6447293235924638
1.8578678592553017	0.47376184242732355
0.630291337122872	1.435158937359212
-0.01761167127097929	1.4432855523737103
-0.5694965158262928	-1.624585396714771
-1.7447766117793662	0.1606703690292961
0.007622014925864562	-1.0314456512596673
0.11984288683186461	-1.7333150291776653
0.03392975058360559	0.7000669947257885
-0.024445895869595446	0.06320266198772861
-0.33419250472772877	0.5387107406427671
-0.23985915180959383	0.6103982153532739
-1.876393025948634	-0.7365167357274642
-0.3316317099759698	-0.9516411492426005
1.8973436887347321	0.42662048849552914
1.9989648171667467	-1.2163107053165274
-0.9652800374379966	0.3438900994537484
-1.5070500774029698	1.4706618951919848
-0.9876633668084067	-1.9977039478580112
1.8492197471134642	0.0046766396807678134
1.5081812617397246	-1.7438089994924035
-1.0484480232450877	-1.7500605135550393
1.4772827464277034	-1.1793804722424333
1.8526316625014965	1.0384935107512976
-0.5636232796083376	1.7604221176428863
1.2802976024642407	0.36778438955333614
0.9479917602606363	-1.4445629558632902
-0.8227961233797432	-0.9648702300318845
-1.6950369636375453	-1.2809832174131621
1.160330424159771	1.0576383672895706
1.741322633631143	-1.5947453460275733
-0.24329882616794274	1.27301688677057
0.08299758325801676	0.3507651287774234
-1.610601870162406	1.0131396890449467
0.24164917856811563	1.8895113876755194
1.3591802643122723	1.8477851533644425
-0.28734913278863505	-0.5419177656583547
-1.0525843095420577	-0.4078840818128504
-1.9428968364780372	-1.808485255925231
1.1332796254506108	1.929338176184896
1.5181772203307649	-0.07794162624688505
0.2944281600343537	-1.9608708353414377
-0.34735752782608476	0.8228366471796447
0.9967206847434329	-0.11575508222453035
0.4828275429210853	-1.0728066207640867
0.0895688229136482	0.49560548817317907
1.0868970371251545	1.1535910033460937
1.9168781922695755	-0.7821152811129384
-0.9986737443335412	-1.0067338750518608
1.1801589457171273	1.5846893968732823
-1.3968200174107537	0.13569873209773586
-0.7375657139312732	1.5216664823750619
1.0504394764073006	-1.4692956543027016
-1.4381742861480347	-0.3329797869632056
1.9542227590899741	0.9903342621976261
-1.815900940710696	-1.7665094935798944
-1.351215544853643	1.8745772029785952
1.1454782242366526	0.9396437970858007
-1.7467282471693237	-1.9249974944189168
-1.264012032809584	-1.7522013787451916
-1.9735608782668024	-1.5783718899690435
1.3466646568277612	-0.35478071626332097
-0.6270140419760954	-0.47027637076084083
-0.7103158296405714	1.2005403602661455
-1.5782466830525075	-0.48720407372248165
0.8381748180205837	0.27026295403587675
1.298269012630516	-1.1299368039260398
0.3912223759723017	-0.334475794464002
-0.5769262356880356	-1.9633566323277711
0.8638453225945648	-1.3958971109968115
-0.2350895821932637	1.4642346539833357
0.3234204822107092	-1.8560255205119893
-1.3584098049637814	-1.790418546079096
-1.9210520156366844	-1.7920545088903732
1.8302368366649255	0.5049663146776777
-1.5046469134506935	1.706456562034555
-0.20496397245539066	-0.7998394142357599
-1.864513693778953	-1.1643632286670451
0.4671209766257314	-1.0566967708817123
-1.2604809396566492	0.5249773097164336
-1.995545311939242	0.7358967097478009
0.5360217848855195	0.8568448081681064
0.839951961851733	-0.45006293646463646
-0.7733354221132074	0.5505789858288361
1.5008464147978335	0.6891699176243216
0.6434228714969845	-0.9903870299351429
1.5974802540606827	0.46057947263914745
0.6280505784871808	0.05406846175327873
-0.016230412899091107	-1.605195907265999
0.6100592354056196	-0.12875423959048193
-1.002323259490939	0.32584227319323356
-1.2873497446544602	-0.8978384540134146
-1.078161118809378	-1.2078506463978584
-0.509064212442794	1.9552624775665235
1.011657709570406	-0.5295614114991798
0.5540983351503748	1.6438853463689802
1.6749907936407737	-0.620531769088597
-0.45088126501609427	1.4808214069593122
1.8942291538103486	1.8360784382806177
0.6873497108831823	-0.6766423892026334
1.0273476385087492	1.1677745399727546
1.477459016006942	0.7907747727477621
0.7566332039107331	0.6441144767584484
-1.278442408707853	0.2782355938231671
0.7058071296607036	0.5466295439530193
0.3620652900320094	0.668608536646286
0.4545041477089793	-0.23295458721739948
-1.5961951430171086	-0.702690361149684
-0.9329532456611505	-0.9590668886825116
0.09528052123026987	-1.708193119015542
1.0017413012301764	-0.018462613484501844
-1.3237304155806005	-0.19372500610648524
0.7133709829931152	-0.1263591258617489
-1.6252816674581543	-1.8634480001912839
0.3601390269283753	1.7280689470309998
-0.037353628257542404	1.8733361423619277
1.149633709796675	-1.1153979560013552
1.7891887182697972	-1.753827911613631
1.4916437968889436	-1.095492895329992
1.4640308108996676	1.7621743830515468
1.8342178103162126	1.5804175358122805
-0.8079358465418531	1.1925288050430156
-0.36873078870385	-0.18228000298833624
-0.13007638428301416	0.7851461054098539
-1.7361608929200698	1.3375452264307754
-0.4031563327512573	1.3106833963597455
-1.7037596439865288	0.7882752979801646
1.112168879042863	1.847736675407413
0.14352068140251983	1.4121318086929278
1.7531739026179607	-0.2388943263672374
0.5543797877193875	1.0529746118880068
1.754459092449169	-0.06378259289055555
1.0592630774481182	0.9509137251763242
-0.99429948452239	-1.420446261299415
-1.1552063787840003	0.4217646292930848
-0.6447960690924117	1.6073926484013645
-1.4829914035106104	-1.4082658460571515
1.1032623164409534	-0.735366096453443
1.4845256073361792	-1.9405584074460611
1.4645179122454466	-1.6719022609669834
0.3568888538167143	-0.9518255713334267
0.5219900255454673	0.11961992869442506
-1.5680758066663687	0.3060455215030906
-0.07181196383146471	-0.6346818121015421
0.5903987031971543	0.23139725635768382
0.8700422657645888	-0.2608340185227149
1.615982267392717	1.6212490709267016
-1.2126335524054	0.8032141056094346
-1.7694258371679568	-0.6514972783738453
1.2740920654529004	-0.9994240509783108
1.5920609256180707	-0.058321545483476456
0.9093656444244522	1.9432049635523958
-1.207251759658715	1.265477115428062
-1.7009042778787498	-1.618590819433142
-1.4552012204757707	-1.624034345734667
1.0989103570520342	-1.0323356224405802
-0.3181302844439533	1.6425194685833757
1.8331941052680318	1.3615440959694447
0.2356517401080218	1.5155767461620133
-1.8469855667894075	0.9579440198152152
-1.4819395001923859	0.04957131287488936
1.548412389457067	0.7227292268644852
-1.2905719857813538	0.23398672839328816
-0.4900490595903535	1.49795394140458
1.3584333176223096	0.5991271797239959
1.9018581120697897	1.2857573549007433
-0.3743463627150905	-0.9054952801147143
1.2513435482378252	1.919844071302765
0.09221615778290504	-0.8191017242547853
0.7370066742755981	1.2239416904973854
-1.6654407732300172	0.5832124491888107
0.3578083781502768	-0.34525183946085525
1.7324541179035289	0.8642458654156782
-0.6326553038196798	0.8957397550463186
0.6804177385544876	0.061821444127347025
1.4561084209879724	0.5419847460959266
0.4037251674507334	-0.5153215572332805
-0.568309730714438	-0.30661066130428516
1.8761159792101845	-0.43888527585897563
1.1810254983621609	-1.792660802549984
-0.6878652610838922	1.6504100441324545
-0.009934334883585638	-1.8366452001029598
1.3636939913165538	0.3868090375667341
-1.652498777805214	0.5221247120693575
0.06969638452356763	-1.7979058741534768
1.0026294095953614	-0.287772171332318
0.12949981723770954	-1.5776061267174954
-0.18088791586577502	-1.0741240250336515
-1.3112791536085497	1.0317946009245769
1.0158716764562308	0.7452338287304814
-0.13722219433528293	1.7244498514557973
1.7598169790347091	-1.8210092781647007
-1.7568561800350313	-1.9681431998017462
0.6014511699595615	-1.2624545291127292
0.1612965809658431	0.03309739601208017
-1.8203973086600724	-1.6608451040081196
0.6285112404742113	-1.4483212110195165
1.4228267935180372	0.7479482205088868
-1.8404865943136532	0.4176539111498325
-0.7379182784990084	-1.9539482224772393
1.1110888293537546	-0.8983037321637086
1.6693993940963443	-0.026567047410676725
-0.8884553964668331	0.46359872697585036
-1.077018343325483	0.33206098648676674
-1.8352755195912391	-0.7260473414129724
-0.7966354992755549	1.9839404287470854
1.6077777873386765	0.7429839159504392
1.359389223739774	-1.2668790043866776
1.3728162469002503	1.7132951451620566
-1.4547278244990571	1.0069537351787865
0.39922460770990353	-0.9958747870317479
-1.3914149933941649	1.9822432384530706
-1.144878796115286	-1.723207872581623
-0.0991002422654006	-1.3074232838602189
-1.337441403341011	0.7568287681365575
-1.3069921438421286	-0.1469284148893104
-1.4434523015555967	1.5983503455665709
-1.6488180453311991	-0.8540034396247456
-0.9913189531376481	0.8964222237791262
1.159939118472514	0.17786940470082246
-0.18579814689759866	1.0860212399242997
0.2924297456198137	-0.8598357198300177
-0.7266825431600066	1.3947757937148881
0.4273661045502739	-0.9725076131629491
-0.6585902041093656	-1.2146163415893745
0.14043337747078288	-0.05980492491517975
-1.1822207322630174	0.10505339983173778
0.7512435197821961	1.4611857031448738
1.4605589416614864	0.2899626981234418
-1.1808035078352037	-1.1863047630086725
0.17155208063042604	-0.3046667460762209
1.8049439013342305	-1.3322772061624186
-0.4906374335273611	1.7164238072889786
-0.7202221923111423	0.08058181841740542
-1.60230967170506	0.30868341219888906
-0.31576733414396063	-0.6161513414370265
-1.3637814854773698	1.124298089811914
1.601536114961276	-1.2521047295381864
1.5630635454471227	0.3995958183216226
-1.2612471535711416	0.7475451536649724
-0.5629783181981547	-1.166257905829601
-1.6368587763280864	-0.7673707398946412
-0.7187027210062742	0.353204359581059
0.8060270243495635	-0.46503671271920677
1.0561691605518404	-0.776511572880441
0.6975136837485532	1.3048090976690485
-0.3235142175837531	0.30233547659775173
-0.8324923816686303	0.47366831848349733
-0.12514175864982757	-0.13760704746290076
1.4138402268911618	-1.6358861749277933
1.3655591841536996	0.269654651485002
-1.6287316018725586	-0.6513242203294669
1.6632533151170357	-0.21599469953579975
1.8149186720436878	-0.6406332180530603
-0.7065210409026279	0.9655774136772277
-1.3340002535470652	0.9325965668191132
0.9819822085825516	1.671363403913745
-1.4172886085804484	0.717154336563242
-0.766198393426563	1.1226867807288339
-1.9216248865413448	0.5815930548720463
1.955247688449906	1.9878481239825665
-1.3328345270087296	0.5831611322742098
-0.6142171567930652	-1.7746915621800823
-0.7256476797087106	0.8737630005019223
0.8805038826541733	0.6302261941833707
1.2405365323074138	0.14172858720787218
0.051794071311421774	-0.22437443612937846
1.1615863639438033	-1.1638939793076237
1.5511534572224894	-1.157336335626808
0.13167178114072664	0.7367396930642487
-0.24713901007544292	-1.0128448060447477
-1.9496903504175447	1.9546079440835489
1.7965688486535392	-0.23707060272692182
-0.6888044907260604	-1.5292009910806366
-1.0648777211213845	-1.2523628015909907
-1.7568925721652406	1.845625689776869
0.4789293058507167	1.1500542268435003
0.8680434838612272	-0.2997104263565804
-0.26366433635703856	-0.26175769463317167
1.9789495140801323	-0.025424939114126133
0.7319156242395866	1.2723388780882785
1.8443518803949672	-1.0999082104195246
-0.5149161761362304	0.22418224006738496
0.6528035227578028	1.8564992693252216
1.6516801443980906	-0.3408947023286091
1.7290475407895904	-1.8526443195580962
0.08938163552368383	0.709442847426986
1.6024845007922877	-1.7535558009785972
1.475541600015232	-0.09347908270742478
-1.84316482716314	1.254190424753459
-0.6799005517172954	1.3420185853609694
-1.3641367889769431	0.8329991586130201
1.2232867760702955	1.0393486644680339
-0.24635932758562085	-0.15770282323523332
-0.3604808447718395	-0.5504608137546767
0.44119974026797326	-0.12120254817435949
-1.6206073022978784	-0.47236044918519493
-0.565602373529726	1.732744050082467
1.3489168703954526	-1.2173601197744643
0.9862737864556825	0.8088383789141975
0.9399137585306274	-0.7678244783687189
-1.042588790043753	1.2050674344366947
0.5669453691782387	-1.8730162825880465
0.05529182734909677	1.871961119825316
1.7798641015468957	-0.5022938849216758
-1.4792688929167466	-0.2701870569460332
-0.647221251178828	-0.8332643237674411
0.7029648797346835	0.2185459026021226
-1.724377575017178	-1.5813594218223077
1.307590210873681	-0.6296198580634673
0.6393769443451771	-0.7203290945150274
0.24411123212243613	1.9770686792805279
-1.162949660268405	-1.4964331059448561
1.3759738415644858	1.1025028624883815
-1.502258062542741	-0.4400461262659321
-0.5566348654620339	-0.13259303989329263
-0.46105427730405957	-0.9235473983146778
-1.7100951981565866	-0.910402016427803
1.7313165123570502	1.469418779847404
0.9702252180100119	0.1122740397882458
1.4836078140763136	-1.6227851473901334
-0.9811831118499601	1.373856328658702
-1.3348658982294817	0.7115248149306965
1.0886386924197935	1.2884028260275757
-0.35959099499596503	-0.9272643547192283
0.38421727074396506	-0.5710733080582409
1.555920233691983	0.057067465847371324
-0.1373262683445291	-1.4787925250375986
0.7722156099455941	1.0102878229224848
-1.2532849250187246	1.1445517634912918
-1.7062917953937045	1.254186951230329
-1.0726930679081694	-0.5813299684557873
-1.1098778945185335	-1.8611565824915566
1.7550195931733072	-0.6980557574192279
1.2229180727061606	1.721974752436223
1.487955797283599	1.2287633307893806
1.948298797947667	-0.40990505358665574
1.923747807084652	-0.6458578566215256
0.0932331868414571	0.7496061614437735
1.4945957310040638	-0.073601835903224
-1.8823352682343604	1.9982713562501937
1.4342237419322337	-1.571300237025293
-0.7816220249033914	-1.953429334729024
1.7051332493251006	-0.8733865398146028
1.785101401388673	0.4385422865237629
-0.9504886899955456	0.16675238579964669
0.7208288003165237	0.3995807142679815
1.4165388812432398	1.4863985784390583
0.5921749736683135	0.7657940431143828
-1.8455874305535303	-0.47404634475700735
-0.44235795209802875	-1.9947172378473388
-0.4143969536723784	0.5935866639014802
1.066399895230301	0.4480838140665888
-0.676823639849637	-0.9853030787489616
1.713971764126351	-1.417014658640512
1.9312479319564892	1.271486093141577
0.7989592832363974	-1.4027353284335549
-1.2464836414958347	0.2304798106102619
0.3002838223570108	-1.2083012804693558
-1.363791256888351	0.9787911201599528
0.8998935402192001	-1.4257179041887111
0.5760483673347174	-0.43073749692565944
-1.8890455889498083	1.811042869318963
0.2422432993388819	-1.1925252312393826
-0.6318251790678677	-0.4845492056919003
1.3230902931254747	1.1369497498773788
-1.7706111127125057	-1.8618766351108693
-1.3971931982633476	0.7020142460192922
0.31308200479941517	1.4569831419283679
-0.8826110692976248	1.0829869469823508
-0.10984788536543055	0.47548661366853606
0.6589614098171515	1.990168406234167
-1.053997870213657	-0.760367985216881
-0.7355690073228076	1.2632516370203484
0.13334973886675527	1.8522166938552602
-1.5563007112055836	-0.8282025602560172
-0.12142799923923642	-0.1726935158518894
0.5997970108237847	-1.5260627315571988
-0.835065175401263	-0.012866759676870565
-1.1705930275856855	1.3117810833119008
1.3767209061381216	-0.3369900114835791
0.8315803278566483	-1.639573069163208
-0.239290336157024	-1.5992993884239768
-0.800037180785202	-1.7253631867377761
-1.3436911191777003	1.1838022412202012
-1.0182271932914806	-1.851823504808181
1.7973905307610702	1.9795523625755433
-1.9938105931777272	-0.32931774900406907
0.8362988570141274	0.523167176739832
0.12616763505514683	1.4340824503197656
-1.2485950804831454	1.3037318534271414
1.7038862444691838	-1.8547695687770753
-0.616244243657539	1.2876475468529307
0.5464307773420543	-1.1049809416318208
-1.2901918275160487	1.9003090252518726
1.7842129770900597	0.6380519730870211
-0.7843799407101701	-1.053526873560089
-0.15517687502774935	0.6334029881791245
-0.8730007183652773	-1.4583167310648375
-0.9571283500369843	1.66396347049066
1.1224591898976448	-1.8298864296281332
1.6831588230638928	1.9702408045207482
-1.3875817440551002	-1.5124315908266284
1.2375348016268495	-0.5749017546139292
0.4497744735950069	-1.2063206325649385
0.2630503071993959	0.5654840806918324
0.0068207028946125625	-0.8505411671441161
-0.07406983496434494	-1.6753877873579457
-0.6512271713639892	-0.25532489395411995
-0.16711322839069265	-1.1264246952348609
-1.145262309717959	-1.3403250635314152
-1.129684259506961	1.0253382063629504
-0.9068643654167556	1.745767220262762
1.967544815580545	-1.2736345731515035
0.9071375869580471	-1.9486041334572408
1.289975235397443	0.629146359165226
1.397817590066079	-0.9666742023106663
-1.0538588204615231	-0.5980784465422002
1.107073965825319	1.644906808383071
0.9428545471901661	-1.9360702901222053
-1.1257530833935276	-0.4424572172086414
0.6422773149789647	0.16969422498910447
-1.7915690238699593	-0.09693956235786727
1.3364660304595635	0.49333137381742853
1.69932531721958	0.4150744734130538
-0.538229918580412	-1.7533827223166023
-1.4315433577902503	-0.29546313613894526
-1.0933272963931793	1.9779075467339182
1.4016356175014142	1.7968878815071854
1.4023061310015663	0.42814457785718707
0.17229992776959557	-0.15579590958849066
-0.7257273241407582	-0.7205419943906182
-0.014074070065898336	1.2395226105041246
-1.6795284421066423	0.16644394076951396
0.769777479362348	0.079090623544257
-1.2551064040517157	-1.7158379012413607
-0.23661870322125633	-0.24036841111489515
1.4696925006345398	0.7698308002348888
1.7429712099319308	0.9155974388665622
1.945613463302375	-1.8179280196610978
-0.17965618056564825	0.20312336928623154
1.3047449714939048	0.5268568909284332
0.6136131200537678	-1.7993989107599302
-0.6284902434859432	-0.3680115467925211
-0.21956935259894328	-1.6239374779093199
1.6321914983025785	-1.0271291480948879
0.2926620675338043	0.34372102575004915
-1.861620877040154	0.929651717704457
1.8163713206345502	0.7871472368885892
0.04687162981894	-1.158120516272886
1.4100200692973415	0.771563621112326
1.7581833892612906	1.6028618517078383
0.2294989527975635	0.3632903342810607
1.4400391326422919	-1.968220172401295
0.5386758665473934	-1.13069915412874
0.9027703695682248	1.277270569148167
-1.5896705359640562	-0.5920625879649859
-1.3222541875065672	1.7108490230323703
0.4922758173402628	0.8372687989067868
0.8680959628776548	1.062208106043233
-0.30540930290106516	-1.0643435477132086
0.7112828030352962	1.863155708397651
0.7487189616558134	0.7722020513656864
0.4167945246985765	-0.516041842555619
1.4653390683499863	-0.13090000883836472
-1.71913450345636	-1.8029632964133229
-0.3216577492256194	0.9411890675363201
1.2734481872780683	-1.2118554342767967
0.42987622750291	1.69771411821882
1.2604641193563642	1.274063855332471
-1.5958037050059843	-0.676410910241378
1.3013466015702622	-1.0023914019566051
1.740052963415856	-0.9902397383588104
0.9113491758862056	1.4006269794571007
-1.5258976428710849	0.5570016385274124
-1.6698289166090126	-1.564223814307574
1.6805050267644566	0.7100456724056121
-0.9038814187812507	0.43708079331427685
-0.7191021047198416	1.7044272672497085
1.2816762862796787	1.0676148703985051
1.331016258179515	-0.2412278255737914
0.6836144297295896	0.5491054347356368
-0.815790714685535	0.7024687275667918
-0.2767870074582781	1.4006374715037473
-0.8427540466366046	-1.8740572612551714
1.1131968374453023	-0.3615884924980288
-1.8266092091887618	-1.7397440702280056
-1.9523282251200609	-0.01351766751927741
-1.5864178058935496	-0.9535259348036336
0.8291788677149348	1.8667407275201486
-0.5125563182692994	1.0396414614707181
-0.3783006371516713	0.7791411640368384
1.9776012875343976	-0.3956104578301196
-0.753294043089249	1.9487069505963044
0.8967057838324619	0.8545898362362192
-1.7334505393884085	-0.09981914193749475
-0.14519835485417243	-0.8372847582442433
1.3442890278545465	-1.8080383204255939
-0.8218139983833819	-0.8274793762547228
1.0993768316252859	-1.553983724435402
-0.6983957585357423	0.39646040116009473
-0.8325618131610084	-0.6015051408258731
1.9231329888362207	-1.9071115982622602
-0.3662857100508594	0.01857336322469516
0.5718063139466989	1.8976102658926206
-1.1698593732610583	1.0174682504820876
-1.3204113719062969	0.2901486250235732
-1.0481035221385944	-0.010342300995445974
1.308441328721992	0.8849133061787948
-0.9930943739568003	1.9403884282393054
0.570945578324098	-1.2691966267546104
-1.9069267386463085	0.9026567710866051
-1.24335015633788	1.1077790684744206
-1.790881684332351	-0.6047779228116732
1.4791662600030553	0.3564931117937227
-0.32244725185260315	-0.5778120422053599
1.689110191996701	0.6578936689870494
0.11670423806458396	-1.4040924562432937
0.8143823457570765	1.9910138244354023
-0.2780256921705915	-0.9079650897389002
1.6860919937071337	1.9019262871673632
-0.02973753963192749	0.5225595345141709
0.4011269790825911	-1.286604458275932
0.047854426855555854	1.312894346424816
1.34982757889113	0.3678110156975829
-1.4742833371128237	1.2245241254192893
1.9418867364914734	-1.725651644492884
-0.2653862381866259	-0.1480767901537008
1.0289896641807759	-0.7935252051900981
0.7019300048360146	-1.7374925251354671
1.114339043424803	1.7752482690231166
1.4291650387683892	-0.11416449670655071
0.29034214357581867	-1.1382997867040965
-1.3276573933683338	1.0871303307813185
-1.9178117198785039	-1.8562719829737948
0.6325757166965942	1.3917987871168562
-0.5513913912037451	0.4625617496775156
0.1309315577911061	-1.6888051413477378
-1.3711757692535578	0.8242523733145344
-1.6975965622008973	-1.3903721596095813
1.0417259506017542	1.7276414680460332
1.0012499924751803	-1.9214975840202126
-1.8816779556401935	1.7154817867520853
-1.9314449757295278	-0.8326229805098628
1.1146342380932164	0.8782603460667966
0.3072520692143548	1.5509736536632683
-1.5141475943059683	-1.463390873127158
1.9630556207293122	-0.5680945181414465
0.7758548163899155	0.5003890632790613
-1.3312011353980537	1.9937334033885539
1.2532548376756032	0.15731025691660339
-1.8219176702823718	0.13686138423653205
-0.6601699511454857	0.5716865776503259
-0.922203479432834	-0.44463221952394916
-1.1906283094329946	-0.1647513226256101
-0.24560219723190269	1.9292106988437605
-0.017893304319303027	0.042413453650296695
-1.2492666653378892	-1.243488028536314
1.6970855064494659	-0.5568241212920162
-0.8706979813096649	1.350056395227623
-1.1325722185467515	-0.08419817022942633
1.4117129105477288	-1.7443181727159054
-0.59582637537831	1.0754300484616808
1.0591002921839903	1.1489979236749672
-0.2828720252851369	1.5737557826915092
0.8970922838559345	-1.7030517786352677
-1.589599061429554	0.1888354358764257
-1.8987970944131498	0.6195706758880726
0.33385755928151983	1.5183551023664488
-0.21616535476254084	1.2610207524287285
1.3193242576329887	0.22526564416411876
1.3833108428915395	1.721884892253145
1.7476330399044953	0.007297244653976964
0.3173561147173607	-0.2586944184419955
-1.7980588173653937	1.689840460185862
-1.7838654647598489	-0.9502581436713178
-0.49035076144166334	0.1127857995395245
-0.13470855442867258	1.164563492657532
-1.9236034741132375	-1.5874535594261956
-0.5487508957889	-1.3760855008262007
0.43171593746869297	-1.2259149966389455
-0.2542089596012014	-0.7599156640802227
-1.9426567374153993	0.9582323524188805
0.43188549290284284	1.5661685883394552
-0.023494916742408112	1.673246553961384
1.1733778830004122	-0.9669055957392345
1.280061165691298	-1.7584401976138695
-1.4741765203954587	0.8403764622076704
1.7179103040943056	-1.320202078564645
1.7498538452615926	1.671564378585774
-1.513318659548001	0.8742637034720095
-1.6548002184571713	0.9073758844523829
-0.8403021156220616	0.9553882863576089
-1.8206968149962361	1.4216552449671767
-1.4761570580177046	-0.8478166182732583
1.6914348068187368	-1.8151390442330873
-0.3024777134665837	0.4060063209254987
1.0286755488772616	0.742168279828435
0.8763051549024459	-1.9545202042121432
0.03368880286835507	0.626029974513044
-1.9571937856548178	1.4040392685679994
1.1723516287583005	-0.4136594785299508
-0.14543047060837289	0.4918915478208046
-0.2452454007403695	-1.8282451824719925
1.9100538471734123	1.3511642327326574
1.5140811757535442	-1.168942508766805
-0.4587530839602514	-0.1414644771120166
-1.4434073618867553	-1.9536945819267362
-0.7724400183236657	-0.32454163840290073
1.854596196388663	0.6862390896523198
0.9954790336524613	-0.9499422293708033
-1.8127885857531876	-1.9315115665370843
-0.5968700275277126	0.6281426718322045
1.8758001884679096	-0.38499165646897415
1.1575425149929255	1.7380114401875675
-0.5237736114105189	-1.8432526388483894
0.09730762606707666	-1.859855167693432
-1.510180972050537	0.015380905463049377
1.593908546674899	-1.2371319299915067
-0.5871656972232611	-1.2799659053791772
0.59761502332216	-0.21733480987174847
-0.13587603127175507	1.5879967238490877
-0.03312378034926011	0.8252379029512773
0.49789978666931667	1.3630102147526686
-0.2897072895800803	0.7350126988858605
-1.9281919000540797	-1.0512136462951056
-1.9165961981501098	-1.6186535951064154
-1.1216789289381919	1.0863016668015697
0.7488336966453368	-0.7599801820854521
0.8526126715023512	0.9239107930896377
-1.0705742100315194	1.3267108704874588
1.728271245368958	-1.4968930537750462
1.0284177037299482	-0.01835150406660535
0.42335604766735946	1.887879664405979
-1.344870007244952	0.12693253383791125
1.9612136488368401	-0.5476908717417692
-1.9435021070237317	-0.8604600520802994
-0.10203699498528396	1.2194831010422793
0.41562488005687115	0.9812729518403009
-0.001282013707080143	1.5313399907742853
-0.5258258125503477	1.9953488613958568
-0.28740189886038303	-0.07540463546343368
-1.223903968457221	0.5121816904831782
-0.46031507639117564	1.2432033065625814
1.39315012065753	-0.7306185742208631
1.1342701310540062	-0.83392137382863
1.9844388660360552	-0.5797838375389897
0.8705297036132209	0.9032945176035212
-1.4712603248878442	0.6126079040726262
-0.40388007385452607	1.3899240821239962
1.9146652803784998	-1.580032012799896
1.2685980272945945	1.858242523712339
0.39887803291788204	-0.8220344571345164
-0.00037903682619244705	0.1535189458247892
-0.41120609378346273	-0.6711738281668507
1.0117707672648475	1.8633860943454676
-1.5231761145844227	-0.13185507680367703
1.661712260078922	0.9744665297642414
0.7607172057447396	0.009976279206476146
1.2280206754093856	1.9462296554379237
-1.258028292813302	1.9402930898307655
0.7206957009611235	-0.8626442045055476
-0.9646840395210616	-1.848468810991959
-0.7448582496997611	-0.28228636948231234
-1.762412119278562	-0.13355825178189074
1.5565167276391993	-0.3266761241968039
-1.0430111346912914	-1.531593146609537
-0.3132677789614866	-0.8746669457766574
0.17124743367264683	-0.8931129521178311
-1.0494777333277545	-1.9448772813021669
1.9646284161605418	1.8351294787564418
0.9358447127675005	-1.7353480290240726
0.06434879828461071	-0.9645349378755426
-0.011225265643267868	-0.16504743372325237
0.20601366184581416	-1.9775930861656121
-1.4427037837729175	1.6435583238859581
1.7125134551052756	0.3418966619470547
-1.516785129235486	0.6603603274360879
-0.8629452530169539	-1.373365414814252
-1.7713925192311062	-0.6646921704816386
-0.19483665402163464	-0.21580232201837424
0.4077592441342692	-1.1023825335877113
0.9545587276650371	1.6646506709578874
0.09458910887424432	-1.2014527176254437
-1.351110378468916	1.192241873066489
1.18463345038128	-1.383789659915275
0.5548517202167589	0.5964649056900861
-1.6286638162525766	1.4759591747482999
-1.1196897524493306	-0.5248613904008321
1.7503354892138865	-0.9515335876056219
0.15143865287172442	0.5663206435444068
1.9986525413134042	0.2354591439639777
-1.5805789119710703	1.5646245642015466
-0.8999354185411228	0.7500449830512839
0.5980667190584859	0.9541732849626481
-1.1925998824315647	-0.04013740670164667
1.584953616157042	-0.26851221319847607
0.282906993909537	-1.76347259461686
1.8295804742484267	1.0439064920231358
1.0372926373068747	-1.7467944012707517
-1.550468850247504	-0.7802271368926768
1.2499661211745945	-1.2609220557113754
1.9067335634220597	1.1980350362346273
-1.7181778058407855	-0.09878319360415189
0.6071056218633046	-0.7761997045598337
0.6449626453948967	1.2168182112800738
0.38984568534430997	0.23649319804128188
-0.39847209734863887	-0.23827785006178148
-1.9910850563465403	0.7664981340186254
0.35271158029670335	-0.21143360346582574
1.1186821718507742	-1.4459401511715524
0.07575907195695031	1.0650906281329142
-0.23569103884254305	-1.1646597898216622
-1.4785732527558633	-0.9996546551190795
0.5181157576178528	1.1150463636980974
-1.383886122543847	-1.3355230252283214
0.4320558572582769	1.8091871710557705
-0.47522394949096913	0.547576453420624
-0.026924078557412745	0.3456982035674745
-0.3984931319992069	-0.3388328051659104
0.1341831361252379	-0.5536416216810762
-1.0087706757400055	-1.6706479304679558
-1.9765838526752297	-1.893597598362096
-1.283038198639598	-0.4914865177816985
1.9034356530278842	1.136835759094844
-1.599446849910029	-1.5414243219623787
-0.3320760630773152	-0.06394326466469868
0.5732309065911543	-0.41118236331437386
-1.9901434352472571	-0.04450564217186859
-0.5057409697011557	1.9610180064901503
1.7268287638741247	-0.8511299120149327
0.9083153925551843	-0.8747955960739562
-1.0476396912332246	0.7160501765222245
0.768308958272891	-1.4476907225664424
-0.5302065003367593	1.4179445127779844
1.4932561898350194	-1.2931844994390067
0.8193888743382307	-0.6141028171160485
-1.389373692108626	1.724786128361195
1.481779259517864	0.5722725606955277
1.6805437599353268	-0.8889205681884031
-1.8459377632237226	-1.4424788599784226
-0.5628243370725645	1.1746435840841634
-0.8927981813316799	0.222905428950265
0.5226835029536443	-0.1680777415569059
0.4465858591903964	-0.7499102491313314
0.9339036455629106	1.210756950702172
0.9702825152489982	1.3988357029223284
-0.4697692632227528	1.5080285376536295
-0.8178753678859025	-1.538795153730009
1.693877680222637	0.7597960762446938
1.5555492829123305	1.135632665404339
1.0911329164163774	0.5363412577789348
0.8721527496981993	-0.2842084090195116
1.9146350390466522	-1.02489757158334
-1.9354666543446029	1.4722988658007523
-0.3618257573803745	-0.2882709634679288
-1.795333945241968	1.15442982700888
1.0248276861371397	-0.8369255772257649
1.2368390974470782	0.7417591576908635
-1.5058693049067666	1.484192604573113
0.3328863503747277	0.36054472149893035
1.468222908488523	1.4241811144783227
1.3903347485471507	-0.7114212828248596
0.7117027984779845	0.2847247589554347
1.3336577828604845	-1.4203211874020143
1.6870799028030654	-0.5429719780805273
-1.986166878465904	-1.2948047045873583
-0.7303399526556218	-0.9072480684853894
-1.5684910172797197	-1.6485502871063922
-0.67989186897643	-0.23323841515958232
0.24443976462220585	-1.5759179535186485
-1.9720847422154666	-1.8949907212880674
0.30777666836006734	0.7713327272006052
1.0220753750671072	-1.7981001052839418
0.7872406495134605	-1.2124072199145286
0.490331778079629	-0.409284965046687
-0.5442660901938998	-1.6778835384670718
-1.3281219124713863	-0.4520989449330579
-1.5898883512440736	-1.339624681706654
-1.190377951187842	-1.5158039917945678
1.2901349457097937	1.8047859585720962
-1.0324596049149979	0.14556680293560653
-1.1621211391535757	0.40421602590814976
-1.5341873381568325	-0.00701903388524272
0.003703677175760145	1.8717965179528937
1.3704449449047686	-0.8428585912234192
1.1067426154003126	-1.9479405696047118
1.6827286352290023	1.6100325731243896
-1.5095196965451612	1.130532494359076
0.9120972698728798	0.7876942075918776
0.12414053274627701	-0.7771697549718923
0.5016445352629724	-1.5874935284319145
-1.0915988893682815	-1.6098778213552345
-1.779722277896827	-0.8011247611385031
-1.5353543970602073	-1.4091612756272336
-1.6748137256573097	1.8420409154883761
-1.3745216030247551	1.4178192460438281
-0.08459311707607631	-0.6934624871480226
0.9518849492625123	-0.07681856336310666
-1.8934003863942985	0.6952468233860856
-1.5683736158573112	-0.3489439666092351
-0.08553910614137239	0.04561910659066237
1.707297011425212	-0.6084783607462665
1.5473768986590124	-1.7672557726859903
0.5646705735380722	-0.27123984231864506
0.7111483343805967	0.4208136398685043
-1.3201427085326403	-1.3641538842522265
-1.8643073506342063	-0.20010296386505155
-1.1596590555750232	0.039757871614337414
-0.41492161269316963	-1.6969391736445916
1.4463897345176453	1.947279987768571
-0.9280905730566	0.05397471924680142
1.2337590850562226	0.5556383472110915
0.1777653222314708	1.4504108045031843
-1.7393077861328492	1.6590731579913842
1.870600837869869	1.3657167361494684
1.4647861426070001	-1.1662291218641596
1.0306496620803016	1.004798763135704
-0.9685797656833475	0.27430632909131747
0.5810179640004032	-1.2339507011984017
-0.469780045350606	0.4419625430666887
0.2080075861121662	0.09630692866212653
-1.6028770103729348	1.2251684618615148
0.299023314126607	-1.5394818235893157
-1.1162340471863126	-0.5601480988017933
-0.06065283993942616	1.6931150984115413
1.4480675775245242	-1.5493245219927991
1.1402787080997454	-0.8159989286209406
-1.6892722678906007	0.09231936912215666
-0.7546524486519801	0.9101061910688437
0.9459735676168859	1.2970673063340987
-1.7665916553275314	-1.9765278805271307
0.33622000383182105	-1.1572951799551974
-0.9277362860845271	-1.4859754946299617
-1.242325436200153	-1.7682481263889462
-1.1800684531654397	1.4750033832312344
-1.4094207825421048	0.3693864699472402
1.2775046563715722	1.4357188780225498
-0.6491312821572239	-1.4249841741097113
0.2766613140097167	-0.5121803608405178
-0.2636429901523858	0.47855134990604187
0.6930530749043786	0.7334014252715413
1.663197402250859	-0.1209414786939047
-0.7259356850382117	-1.2213829001763385
-1.336143594134041	0.46018718444783513
-1.9851276000119134	-1.5457560646487183
1.8247922087006025	-1.9046425312378283
-1.940200024974787	-1.5946501508548283
-0.9464369127787209	-0.5430982541344815
-1.6847619909151126	-1.7774146806852174
-1.5973848140166917	0.29455739881656484
-0.002194805207052841	0.6965514169765963
1.9516557553175597	1.767536745611849
-0.5657513199002193	-0.470621455398176
1.7313080144843598	0.328727707384163
0.3793966731056453	-1.7841849638264513
-0.17499017201639244	1.668451584715649
-1.9881939486519236	1.3446533979229063
-1.8704046551401015	1.8406297457156273
-0.3190796291522884	-0.07939918402261492
-1.7010202247118276	-0.19772798389778723
-1.191671065372137	0.5735354605679648
-1.4732413415093126	1.2231754889634274
1.3250846430313068	-1.6457969334035503
1.1118939517102886	-1.2569111846702623
1.6930680704186343	-0.8579999716457798
0.14392166100065884	-1.7839910241494707
1.0373939301413175	-1.1994641631627414
0.6158610050829956	1.5481546655417189
-0.35190760286682377	-1.5350540629997673
0.8339261682917507	-1.3834600130401173
0.39934902015368046	-0.9016501393343699
-0.41065840469756454	0.2623785075002325
1.9726017509723657	0.5591566493103985
1.6782286604909986	-0.16546968400244078
0.25885189704435385	-1.9573788292957683
1.8617236647905089	-0.9511651353158848
-0.835309026155421	-1.782646956324732
-0.2534729077888307	-1.0901958276686594
-0.41800119443027706	-0.7319891110404169
-1.6424974681232039	-1.7960445440538204
0.8675804885247582	-1.2105725197848147
1.3926823181264574	-0.19728607306128287
-0.4561256754881282	-0.34427992328459567
-1.8608482491023293	-1.1913655460469328
-1.2815240240303032	0.011397941059539729
0.8634494276727867	-1.2420797731369517
-0.9716724962032401	-0.5095957643742892
-1.4837726866708816	0.6385279368697097
1.483975326754213	0.5146758261276174
-1.4629497190854437	-0.20150146348218057
-1.5729053449698829	-1.952815398207826
-0.5165884734887305	1.1175373726382816
-1.8959689056765745	-1.8351831019164822
1.8199560635827057	-1.811789464753959
-1.7099399562696842	0.7993310394124351
-0.5071809910772886	-0.7867504153172011
-0.03285018196088485	0.49417555804721935
0.4564290745665631	1.3637753701189967
1.0900291345488045	-0.311072714507842
0.6580287424260511	-0.6646663710277214
1.7786185926104068	1.47928075145582
-1.3174616336800273	-1.4677855575174452
-1.8646866973192657	0.3162221203720841
-1.9506659790192775	1.821674580539979
-1.516979862484972	-1.5102925113878989
-0.6990609468462377	-1.6622878779681227
-1.4641128889209396	-1.2766649325210961
-1.0638850278363439	0.20097589007118488
-0.6473915264881986	0.5703731296572512
-0.236146446537417	-0.28921654088078386
1.3347358827603322	1.396756263443676
1.4269509909643059	1.0969252404890728
1.9731195842938596	-1.1979466417121096
-0.31984507842629606	1.5823862746300477
1.3165715059884677	1.3938952097393185
-1.9591262427428981	-1.9185352853897535
1.8521557015981651	-1.2792922659250778
-1.53138241665288	-0.2899459946238778
1.803740181417623	1.257382280350536
-0.2290924987606493	-0.17508839678677512
0.8899510421180614	0.967692643764896
1.0627979495271962	-0.1296872492422141
0.02953666864455773	0.5063038913750155
-0.9726034460065138	-1.9834750716370007
-1.224294566639458	-0.05474289738478566
-1.7978914857204398	-1.7216083002668818
-0.1989957818991397	0.2148147481118543
-1.7070808574868321	1.5683101488752582
-1.299327143478974	-0.0169671913559033
-0.010635887816665246	-1.1566223522857384
1.8038498051540408	-1.501916988684051
-0.0892620045001431	-1.2806855783398783
-0.8063458860192352	-0.9951118270051582
0.5940375471114661	0.8626144242924703
1.3086116607563483	1.5665180508209873
-0.3379361966758254	0.7736876215103927
1.920224373321874	-1.817929140454913
0.7310357614972389	-0.3626232815307193
-1.033494086394752	-1.5586266492749457
-1.5336840981347226	0.5365632275616203
-0.9313848940682328	1.2443064134179531
-0.08856096234348776	-1.107336672626269
-1.2628938824340357	-0.6227543295108848
0.7670827642813052	-1.086386628777487
1.8221267203113136	1.140856168884254
1.0455573487187841	0.1771801587693278
-1.2219278971523218	-1.6689260505754255
-1.359678561235989	0.4561754138209846
-1.401210413883942	1.1094565443251518
-1.709065829971002	1.3566346954764548
-1.981772458100418	-1.2484973666589272
0.4632732013169516	1.596592603055913
-1.3759444906416465	1.7695740918917577
-0.9624582778294495	0.0076284288380841225
-1.8224578111909144	-1.7147840271563402
-1.0349504006431447	1.613910902920301
1.5683120053716353	-0.7345981807659707
-0.7496562355458192	-1.1365345605240447
-1.1230226998682964	1.433639741070826
1.4641453508225575	-0.2989408038931787
-0.017890147640717835	-0.6586322630784691
0.2723825941002347	1.2759713491965083
0.7980909243762571	0.6903409988367799
-1.857235759459721	-1.6468969210008315
-1.014557138512369	-1.9001652711665002
-0.3887644112580064	-0.457699730633105
0.591157445238681	-0.4945253261676448
-1.37491673694212	-1.9775704031530075
-1.7876560293356287	-1.8525685054460257
1.9045065362458802	0.3516504745826907
-1.5929871147137593	-1.045654167501465
-1.5892341982281581	0.45353176531283257
-0.7824518212607416	0.26641335571684577
-1.723597536768903	0.2152913946532351
-0.6195544653466327	-1.181938807338327
-1.2440753196881973	-1.6221996760534423
1.616460062668902	-0.5208926170093346
-1.2388554028214025	0.09710159226618398
1.1379967133527318	1.772392406274022
-1.1457014533628729	1.3646011877490358
1.4770535462306005	1.8018558781621024
-0.06118998428965439	1.3704845706502464
1.8280034282581115	0.8967143296157549
1.5969583370798417	0.25071609331625444
-1.0149872134869176	0.2592126994413939
-1.3739072495742897	-1.0585455489488846
0.6784034996917132	-1.4507421041818689
-0.4327343812180482	1.620513144745222
0.1851953595508391	0.05693395813036295
0.9473186163426046	-1.5713983952533166
1.5013746171659466	1.9444806390811444
1.3933745777995767	0.059945315751151806
1.6922770028699938	1.0795840023269223
1.2101749274701201	-1.6848956652063332
1.2226607315947935	-0.11575044086668207
1.5054125907485618	-1.2601905617836247
1.7571305793787744	-0.5142533221320948
-0.7071231180855158	1.8170346074336416
0.3435937601367236	-0.9826081032368212
-0.4111659247095001	-0.865612342627454
-0.6958087114464302	0.1969713037982781
0.6587552298430199	-1.313951848507652
-1.938389144734916	-1.9243318330797448
-1.4996098231963209	-0.16207502543596686
-1.155076542287242	-1.2450087111818573
0.2979997570013775	0.24837020639560636
-1.8147680224726432	1.7361327240725903
0.010312703510306331	1.4142911638919582
0.8288535788470162	-0.8582364896975472
-0.46684850114504606	1.4928573802912535
-0.09708896622262975	1.2853221487927082
1.2418921569100005	0.7010198624875574
1.2463423987547517	1.7096869446260428
-0.39733959463758595	1.0272448489223276
-1.7496112883182708	1.134091070426762
1.2101766794976365	-0.07106588010406112
1.0909652714294715	-1.822659335688234
1.988780510443398	0.43897530272203467
-1.512948354236817	1.3877391240923211
1.9627041325946704	0.5283045189971247
-0.2661775471937875	0.7514951490452146
1.0462297106668301	-1.722750255336786
0.5517413519050303	1.839056866112513
1.2868406534933663	1.6899148156046295
-0.46776514301787664	0.7392307995513008
-0.06834214668124394	0.669693424021113
-1.6711295201553353	1.9473985257926176
0.25490913202918897	-1.8376982418733006
-0.10322927357709988	0.5412856225303
0.9831817758005426	-1.1569624498005036
0.46481596547149007	1.0276465617599562
-1.6851013818554055	1.4291923215797522
-0.6764459966843797	1.2713318600747123
-0.2606348458420311	0.705448815425866
-1.3150567417420223	-1.7999887459082484
1.0815086207127091	-0.4958684977271446
1.082062657618403	0.916258457752376
0.8907349688113473	0.984429115853414
0.9846175602997733	-0.20135133267159233
-0.3497427536070208	-1.3368763956819039
-0.8318505401635878	-0.7103326922000468
-0.9046573460711458	-0.6369361453434679
-1.5365270785769987	-0.15040689955683417
-1.5158170041182712	0.5183534334876421
-0.4254560644106258	-0.9167896686347494
0.6982253213400194	1.9278469641839533
-0.1561997881341899	0.4130143458010549
1.5948720591707248	-0.23893720519547568
0.3391539147654643	-1.7880231208083472
0.8023286443178512	-0.867655038705966
-0.10458647464480464	-0.27147423903468715
0.7004659134328333	1.7583860159233518
-0.04736516570838356	-1.0223036974027013
0.9316432595218722	-0.24442592437943844
1.1929770278804321	1.6044176741430323
-1.7070479260956382	-1.7894515407390825
-0.5482465098491942	0.5317476017493634
-0.15569700957973653	0.5356094114390979
1.729988682135927	1.5452449682807954
-1.3999295426188234	-1.2269167914779806
-1.2258706244776398	1.0680514554274763
0.18860858737967856	1.8101640210320977
-1.6506051007954081	0.022127700375546233
-1.3480617173853076	-1.802293584737829
-1.278145587366239	-0.2072144825850688
-0.0003394301729748861	-1.0841420463200904
0.058446689098608395	-1.8419012162721349
-0.8124230561232815	0.7696121093557964
0.3009782399196257	-1.3913664216961124
-0.5151801664393845	1.5345372671505983
-0.7943410312287882	-0.9111680213556639
0.3653034916243967	1.827579460888015
-1.9536213115064296	1.4661306051006817
1.8009193523329485	-0.5584655489988899
-1.6665461592333677	1.2260812654211009
-1.5150651412570508	0.5333340982170927
1.5537993425391443	-1.0056827949735818
0.1912002777096511	0.6122139081830005
0.6951067149126229	-1.1414122847967252
-1.4044943631236868	-0.3701579497120502
0.9917849252229156	1.5699352942851208
1.478333119702957	-0.47794955517208493
1.772793680858264	1.5917403701801733
-1.6163500083590914	-1.9205894177262959
-0.5783094880496975	-1.4743196186625611
0.10961917382514397	-1.4668496217771376
1.489027161556817	-0.6739967803835034
1.0932434192138891	0.8549260591955052
0.6709936217849535	1.7619899073792773
1.229654793214165	1.0020415427027207
0.662370802903018	0.7593428767178807
-1.5106208036838704	1.6068844359765335
-0.5339813805431342	-0.5778395557966332
-1.2040727652060461	1.0597492565392055
-0.47012471570187664	0.8264416645994683
1.5979764091965794	0.09868010571268515
-0.9326115816216523	-1.8532062175480473
0.35818632084600655	-1.9117995495324491
-0.9952619384518435	-0.6850760253708836
0.3913585736217269	-1.596607381758529
-0.15506296195278235	1.0614983666209796
-1.2928525970335443	-1.1446869942261793
-1.1382257919114864	-1.4873122992773813
0.8988175345965472	-0.01912386254423737
-1.596422755851699	1.0272046119689189
0.767653085271919	-0.18612333954280214
-1.6135119424784694	-1.4281855797016565
1.5239799754949983	0.44479874446080636
-0.34002662809215556	0.5730915278200852
-0.44194862223291187	1.1294658748373796
-0.2887699780798365	-1.00728997079251
1.099342800280532	0.8308914079430005
0.762763868597121	-1.231127054296934
0.39401957309795943	1.3583613295424635
-1.822416425676321	1.8938535065918174
0.5651116598220534	0.7186606142323622
1.0599963070325882	-0.39073045714049615
-0.49847600224642097	-0.08194275646871496
1.6080506977371685	1.0982158390088932
1.9110783409537038	1.7408366193610267
-0.913900882643695	1.0904702021430688
-0.006774244270479901	-0.586282242875336
0.24605264835673557	-1.2424272550391091
-0.07232674515894111	-1.3726879276719228
0.8864631129433791	1.4079582855865538
-1.7728164669652973	1.5185048843610125
0.19816394938999649	0.863039003506517
-1.3310259017601105	0.4699026486801552
1.7223524063857822	0.48826588634019874
-1.6751168725756664	1.5121392604938428
0.7532529422866974	-0.43880992841949773
-1.3673634517979507	-1.0912071588753327
0.6137726737922802	-1.0281353509379052
1.250653078120422	-1.6712342820542405
0.9615433223129135	0.1180606280118921
1.2589546006358705	0.3513014984546441
1.814602390071821	1.5992447534347192
-1.8553909100435102	-0.8123384972970498
0.46712817859158395	-0.8550615186862034
-1.1044764191603877	1.8827652489592697
1.6160516820120598	1.0414349817827047
-0.07748479036283351	0.5660600695188625
-1.1894268092554303	-0.6210848786379111
0.08862461342796557	1.0376672824323738
0.6819331723820818	-1.352769375271559
-1.8917947284586165	0.3519447450974691
-1.977206254234733	-1.624631213139244
-1.3255488233507622	0.029664821823846665
1.1825978509364492	1.187978036232284
0.6725215818041881	-0.5633541158748656
-0.2486206117039753	1.1866347418350518
0.5525989237476376	-0.32434756030175294
0.2818908563304947	0.8835214460577654
-0.8176396139151496	0.5089300755324455
0.046767426596241	1.9468761125009215
0.800228073161843	-1.1085670076672804
-1.8476167901669642	1.5166625545896655
1.572767936316072	-1.3659218351920677
1.3833247761325338	-0.2572078953351742
-0.5345757541450205	0.6397562292762107
0.8020433778844835	1.4417210119855994
1.2150978011449025	-1.8698860944937499
0.08593138037101333	-0.20655544486667354
-1.1451845550590938	-0.10725145043526174
1.4524998272338276	1.5481476803884253
1.6401594157231658	1.9079005563793827
-1.4389410578200268	0.0900997737319913
0.4897019160033982	0.1751083170428971
1.8225962098882573	-1.5565673321077766
0.5115196979015706	0.2930264679278016
-1.755196959858473	0.4350834269330437
-1.739195353458853	0.5539912601003674
1.5351041794905287	0.9084565440728758
0.9161833885070267	0.32284406018809486
1.0949521510580351	1.7761639849822601
1.5898626611726367	0.20840801312297996
0.7507251135783664	-0.3803527237593447
1.168427458022144	1.6268993245945356
-0.3030232350520907	-1.0467572271884502
-1.6881856218249909	-1.519934928131541
-0.5419205414094632	1.1156105405037842
0.7368367140223819	1.9761420715238738
1.1884092562773665	0.6969306484796496
-1.0306053578304604	1.4565401042638317
1.8276384327586315	1.6191180848378068
0.0395905621055852	1.3568858778020818
-1.9645741198871347	0.46504956880305937
-0.4280346318432864	-0.02908309108249174
0.13661603024152447	0.4530081125829706
-1.133432497696326	-0.8304390224685982
-1.4869889696881713	-0.34447733732650354
-0.27986070660127194	-1.2174456851024869
0.49145796549861087	1.274604228099717
0.43942479902220377	1.937519880168868
0.15948991510975175	-0.40548362284132944
-0.08388363127480059	-1.8013176255843746
-1.0443668896522778	-1.421505735536297
1.6620082094484254	0.163498165772483
1.3603189373268787	-1.0675135593712737
-0.09655740026984638	-1.8082561073017351
0.24539918039883313	0.18725401286508747
-1.310936882645434	1.702877664300055
-1.1771073650614667	-0.8539547742261511
-0.6025106420881081	-1.624300400785185
0.6803039094860144	-1.6708294832015977
1.9843929129654736	1.9641775331208287
-0.7318270885877616	-0.5089483077040593
0.6223061700139314	-1.441771351787125
-0.38399071816807817	-1.1305363260970585
-0.9592495137815722	0.9264645674176584
-1.9332682363702691	0.9752707729616632
0.979736044023817	0.5323447131021695
-1.7657880297681303	-1.8187981568462184
-0.9574417455324951	-0.9984126961787494
0.05081171076818114	-1.4378121769642909
-0.0005379582477522682	-1.2473455993556897
0.7715635036524988	-0.5643490878107693
-0.2905146873391633	-1.3180365950587016
1.3192114063474216	-1.45209738926901
1.6567603866137262	1.1400811037839453
-0.8842939780250996	-0.6742905570742441
1.5073264284307442	-1.115533236602066
1.9171178699449052	-1.809673708738337
0.5149353816172995	1.4491639024480776
-0.6075150926188702	-1.0358485371784778
-0.23873888299364276	-0.4615007513202203
0.2555055904776071	-1.0707932908542719
-0.7101499319105882	-1.2768116756491867
-1.420022253906497	1.8406323219726555
-1.5624630698962454	-1.3403247302100003
0.3434036396578102	-1.6114293855591586
-0.7497313216663462	-0.21378940094526255
-1.0717695619776562	-1.643488007167372
1.0587642161317508	-1.2780391635345039
0.5247715463276847	0.14767472189216901
0.03358547936531231	-1.7843800744805849
-1.8072439730069738	1.5379856632043727
-0.8986415775423962	-0.48856591623345746
-1.7361331701551816	0.2943758323468133
0.08770070229064864	-1.272430575083602
-0.6886329980893899	-1.318034804733879
-0.14544934138483967	-1.821779941304662
0.2543090382654509	0.5130249633523669
-1.6207201402790266	0.8413806004069895
0.8844235939413951	-1.1371949418719143
-0.45813001079719484	0.8106570343407706
-1.6087053188909657	-1.4283139104171712
1.8792293895169903	-0.23761692811078872
-1.1578689118566254	-1.0161689215705443
0.44327291770668076	1.3649278757102188
0.1901435616138838	-1.1290433260418622
0.6385196324452878	0.11868029497752186
1.7847830696799982	1.01553172804512
1.9416770193780724	-1.6603718410905084
0.2757965575039427	0.06524354276567701
1.0568812472651032	-0.13708278698964227
-1.8933988975716476	0.836304669139583
0.0439163180039559	-0.9449423699707271
-1.2959604281463584	-0.4868615083365193
-0.37180971193994905	-1.8015129880590428
1.6838978905495678	-1.4167565386959429
-0.6263342260253593	0.43801989563672317
0.5805140355356593	-0.908403490692486
-1.4043607474728987	-0.38077392095904683
-1.1435364894852178	0.9612325185546307
1.1498253013190798	-1.0301678352373353
-0.14691046388154616	1.0474058160164903
-0.4775912031807894	1.2399279686096514
-1.6716834262513443	-0.27277010679935376
0.7918896258662365	1.3073143698292995
1.0210587960199677	1.8503282721964731
0.6315347521693764	-1.9720026969810185
0.08975169787555926	1.7670797826535805
0.5765044944066116	-0.8916820005434118
-0.13824958466052983	-1.9441527152257665
1.4839422966196176	-1.052990523368769
-1.595920123540488	-0.8503522017306313
-0.5668011926921381	0.7557922468973901
-1.0003159116723683	0.35841881058874314
1.0235799615597077	-1.7084699542969215
0.3700764154756957	-1.3565980786193204
-0.3243527222737983	1.4471844908148883
0.2008418354320396	-1.9989318939925336
-0.8247408129960321	-0.5817841613864192
0.40381223172139613	0.27705912798072685
-1.3298956464874307	-0.9062935149803373
-0.5555113380874555	1.9505398254055182
0.35956426553091303	0.425215593784527
0.9350021888167421	-0.63180418952299
-1.9177832832674753	-0.30940844078479435
0.8431918086526751	-0.45280267344866454
0.49578836421083183	-1.342406934628766
-1.098417125044329	0.6887200716549402
-1.1932867625669998	0.6778118861535352
-0.744891042566004	-0.16355611458544628
1.631998694601474	0.8129090801357131
-0.11023918196724347	1.295797192559414
0.0791632751633502	-1.3765544953447564
-0.23409800526977342	-0.6052475017244405
1.3092924582987577	1.2567189313413358
-1.7690242169662547	-1.5745582964972509
1.3665257924302905	-1.436294507122093
-1.8259800329897828	-1.1878308045404702
-0.2658512184034896	0.8997402607539908
-0.8326907543529001	0.8267398495059988
-1.949577199924787	0.25421302545847446
1.0449319634707352	0.06379671263439812
0.551256319888751	-1.6805532694166403
-0.02381679752171806	1.6249289436404073
-1.242376361898129	-1.5287581202289493
-1.3307827249382798	-0.9554658759713326
-0.847987763056453	-0.05890359332262918
1.9045865356052527	0.05978182576843949
1.4796570615465505	1.2681472026981733
-1.5745456869576135	-0.362787452149119
1.0935124464260002	-1.0148748842617605
-1.3023102980432233	-1.7263252145157284
1.4266370816652207	1.9247364784184025
0.5729180803237397	0.7168730008280977
1.6345152341960674	1.501289944796171
0.7725523236099177	0.9293880489585216
0.8259324578737468	0.2553769368341894
-0.7795737990224261	-1.8083197283317292
-0.7639163591700222	-0.9139039219526786
-1.0765789501022693	-1.774908963213825
-1.265102668062637	0.17725974047412674
1.7147870876032498	0.13872057774320679
1.7958118801160525	-0.446755350374624
-1.9813680402245422	-0.24083492194611766
1.1077472057664655	1.7914076883324892
1.4827707787615907	0.5606221171384367
-1.2858808669556159	1.1183945168275145
-1.388040632627857	-1.8891758410572819
1.049639478509365	0.6270398619765918
0.8637609525536538	0.7484994934418236
-1.0442510890450851	0.9316727008016326
1.7415997939327252	1.5984019560126752
-1.9024882708555788	-0.42177557841264735
-1.6938082359346334	-0.9768807473665055
-0.7900625149994167	1.9485820883480516
-1.3239718903942106	-0.6445832229285542
-0.336126457779351	1.5230777436300111
1.199071510960044	1.031076226329536
-1.924946364367857	-1.0226507287582467
0.3579010709051387	-1.8593273434538746
-1.5821062847051914	-1.8786673155315503
1.700032452936778	-0.8995567855332669
-1.624303599515721	1.4122404442621845
-1.042963923258025	-1.7129623894528487
-0.5432571018932464	-0.4107268219127733
1.4864825419702363	1.1305515063220315
-1.9210718599077357	1.5139696778600937
0.11284928508530712	0.7369178934674498
-0.030197696834689314	1.9190794556531774
1.6380484626029332	-1.3215281801209477
-1.3243555553722972	-0.11709909875909652
0.5756359181017685	1.1437383509368795
-0.9152069496817106	-0.9298144065497271
-0.11661574144968512	0.5871489720391287
-0.24287919445037964	1.404427462122941
-0.33941539952000044	0.8443674433802806
0.6077925970606941	1.3337459489935242
-1.9710507529294845	0.23860660376058584
-0.8885936631912745	-0.2027059658467092
1.521536849810658	-1.7484468814074376
0.4229098574994641	-1.313768774173922
-0.3325721030692761	-0.3082310467189635
-1.4050829004081797	-1.2377530406922514
0.6786475033285555	-1.367059198962489
-0.6893594762959716	1.1325204679229146
1.2862125928390022	-1.1371893450772919
-0.04464302922053465	1.6364822196692752
-1.4322099433427233	-0.06673669223208467
-0.28271950941413015	-0.044433053180017
-1.6142799001653292	1.0720531951809025
-0.36268764671165155	0.6370742118914223
-1.4623075747934768	-1.4843150913583507
-0.07159606152508369	0.14351187473607574
-0.8357282080972857	-1.6098286354805604
1.1845463126541915	0.2021275860109797
-1.5361968936966446	-1.3556560453922248
-1.8330237906270703	1.8886052086574447
1.5870740580229161	-1.4094313639357092
1.4675609615430112	1.5382164565795162
-1.0828857862169587	0.5920772244186581
1.287161481398532	-1.8552545011831523
0.7174116772680779	1.4159690727063254
-0.7168481879410527	-1.4714403043614022
0.3982104996874334	1.909918344110273
-0.2919951903722877	-0.7770055587075033
-0.9788958930247205	-1.9768597020862808
-1.206446637998042	1.2885213538283593
-0.532149211480383	-0.3243474542076039
-1.4540290975857517	0.8888738034545671
-1.1811583535870849	-1.4702029152382106
-1.1638331661815724	0.3941907376931457
-1.4602623493385765	-1.1561497780673564
1.7762258603536303	0.6985827861012108
1.5446626290715977	-1.2386719124809908
0.5730690852514173	0.47542332410201604
-1.1992924727662269	-1.485588118503661
-1.6005024844489681	1.447862829398522
-1.4834847043714388	-1.3309056742412686
0.7607587579678547	-1.2288562833154724
-1.6236159519940414	-1.3627288535533046
-0.1731488570921722	-1.5501855579437458
-0.16890843831037605	1.63765221745691
0.14129434618319747	-1.548436996417422
1.1214226739706814	-1.6215674003765592
-1.6928209701721202	-1.962697659909852
1.2564030621686082	-1.7252516335768853
-0.6653677066710073	-0.526605371582098
1.4924325119154638	0.9147105850738604
0.5194916801828264	-1.2491688462957558
-1.9107954109569314	-0.3340118534555554
0.05932740522906421	0.22946408937589524
-0.912554989376201	0.09748370543058993
0.4045645525957666	-1.5703771616468742
0.19970381875748489	-1.7546033113242046
1.283229063118931	-1.4239654062967748
0.10011300312709981	1.831290548404676
-0.41017964951143426	-1.9592635871918591
0.3030184032270946	0.9690636365593743
1.3014524826835632	-0.9085559104012013
0.0062472084655227356	1.0653760583057745
-0.8583401766892034	-0.6225609927532791
-0.5254715789538968	-0.7920086474618024
-0.7406246359017103	0.5201248446322491
0.8400869224507876	-0.1635584372880472
-0.000788431214588492	-1.4080073807101314
-0.506379929744341	1.906089212544431
-1.379966509411839	1.0985761612005036
